Date	Time	Latitude(N)	Longitude(E)	Speed	Course	Altitude(m)
2016-03-16	09:00	 40.15500	  -4.19017	  0	234	 608
2016-03-16	11:00	 40.12483	  -4.20083	 34	326	 736
2016-03-16	13:00	 40.15500	  -4.19017	  1	  1	 620
2016-03-16	15:00	 40.12667	  -4.17683	 25	297	1586
2016-03-16	17:00	 40.15483	  -4.19017	  0	334	 624
2016-03-16	19:00	 40.15500	  -4.19033	  0	267	 624
2016-03-17	09:00	 40.15500	  -4.19017	  0	238	 624
2016-03-17	11:00	 40.14367	  -4.19150	 40	242	 704
2016-03-17	13:00	 40.15500	  -4.19017	  0	293	 626
2016-03-17	15:00	 40.15500	  -4.19017	  0	223	 613
2016-03-17	17:00	 40.15500	  -4.19017	  0	354	 630
2016-03-17	19:00	 40.15500	  -4.19033	  0	354	 626
2016-03-18	09:00	 40.15500	  -4.19033	  0	330	 640
2016-03-18	11:00	 40.15500	  -4.19017	  0	 77	 638
2016-03-18	13:00	 40.15500	  -4.19017	  0	300	 629
2016-03-18	15:00	 40.15500	  -4.19017	  0	208	 630
2016-03-18	17:00	 40.15500	  -4.19017	  0	207	 634
2016-03-18	19:00	 40.15483	  -4.19017	  0	343	 633
2016-03-19	09:00	 40.15500	  -4.19017	  0	295	 618
2016-03-19	11:00	 40.15500	  -4.19017	  0	331	 634
2016-03-19	13:00	 40.15500	  -4.19017	  0	275	 628
2016-03-19	15:00	 40.15500	  -4.19017	  0	194	 623
2016-03-19	17:00	 40.15500	  -4.19017	  1	 14	 621
2016-03-19	19:00	 40.15500	  -4.19033	  0	196	 620
2016-03-20	09:00	 40.15500	  -4.19017	  0	 81	 597
2016-03-20	11:00	 40.15533	  -4.19100	  0	304	 599
2016-03-20	13:00	 40.15500	  -4.19033	  0	335	 615
2016-03-20	15:00	 40.15500	  -4.19017	  0	 58	 622
2016-03-20	17:00	 40.15500	  -4.19017	  0	284	 622
2016-03-20	19:00	 40.15500	  -4.19017	  0	295	 622
2016-03-21	16:00	 40.15500	  -4.19017	  0	 75	 625
2016-03-21	18:00	 40.15483	  -4.19017	  0	158	 627
2016-03-21	20:00	 40.15500	  -4.19017	  0	238	 628
2016-03-22	10:00	 40.15500	  -4.19017	  0	138	 628
2016-03-22	12:00	 40.14200	  -4.19733	 81	 20	 883
2016-03-22	14:00	 40.15500	  -4.19017	  0	114	 621
2016-03-22	16:00	 40.15017	  -4.18850	 21	251	 770
2016-03-22	18:00	 40.15533	  -4.18867	  0	  0	 619
2016-03-22	20:00	 40.15500	  -4.19017	  0	 88	 616
2016-03-23	10:00	 40.15500	  -4.19017	  0	 71	 624
2016-03-23	12:00	 40.15500	  -4.19017	  2	281	 640
2016-03-23	14:00	 40.15450	  -4.19017	 73	168	 623
2016-03-23	16:00	 40.15500	  -4.19017	  0	 21	 619
2016-03-23	18:00	 40.15500	  -4.19017	  0	173	 619
2016-03-23	20:00	 40.15500	  -4.19017	  0	346	 618
2016-03-24	10:00	 40.15483	  -4.19033	  0	 44	 631
2016-03-24	12:00	 40.15500	  -4.19017	  0	185	 641
2016-03-24	14:00	 40.15500	  -4.19017	  0	129	 637
2016-03-24	16:00	 40.15500	  -4.19017	  0	 69	 624
2016-03-24	18:00	 40.15500	  -4.19033	  0	  7	 592
2016-03-24	20:00	 40.15500	  -4.19017	  0	335	 619
2016-03-25	10:00	 40.15500	  -4.19017	  0	219	 626
2016-03-25	12:00	 40.15483	  -4.19017	  0	 27	 626
2016-03-25	14:00	 40.15500	  -4.19017	  0	205	 626
2016-03-25	16:00	 40.15500	  -4.19017	  0	 95	 611
2016-03-25	18:00	 40.15500	  -4.19033	  0	148	 613
2016-03-25	20:00	 40.15500	  -4.19017	  0	286	 621
2016-03-26	10:00	 40.15500	  -4.19017	  0	251	 625
2016-03-26	12:00	 40.15500	  -4.19017	  0	288	 628
2016-03-26	14:00	 40.15500	  -4.19017	  0	269	 619
2016-03-26	16:00	 40.15500	  -4.19017	  0	336	 625
2016-03-26	18:00	 40.15483	  -4.19017	  0	180	 627
2016-03-26	20:00	 40.15500	  -4.19017	  0	 26	 626
2016-03-27	16:00	 40.15500	  -4.19017	  0	 33	 616
2016-03-27	18:00	 40.15483	  -4.19033	  0	199	 616
2016-03-27	20:00	 40.15500	  -4.19017	  0	192	 617
2016-03-28	10:00	 40.15500	  -4.19033	  0	181	 618
2016-03-28	12:00	 40.15500	  -4.19017	  0	 47	 622
2016-03-28	14:00	 40.15500	  -4.19017	  0	273	 630
2016-03-28	16:00	 40.15500	  -4.19017	  1	114	 632
2016-03-28	18:00	 40.15500	  -4.19017	  0	343	 617
2016-03-28	20:00	 40.15500	  -4.19017	  0	118	 617
2016-03-29	10:00	 40.15500	  -4.19017	  0	176	 625
2016-03-29	12:00	 40.15500	  -4.19017	  4	188	 625
2016-03-29	14:00	 40.15500	  -4.19017	  1	286	 624
2016-03-29	16:00	 40.15483	  -4.19033	  0	128	 618
2016-03-29	18:00	 40.15483	  -4.19017	  0	 43	 626
2016-03-29	20:00	 40.15500	  -4.19017	  0	261	 626
2016-03-30	10:00	 40.15500	  -4.19017	  0	 85	 623
2016-03-30	12:00	 40.15500	  -4.19033	  0	 29	 610
2016-03-30	14:00	 40.13383	  -4.19483	 39	244	 904
2016-03-30	16:00	 40.15500	  -4.19017	  0	178	 630
2016-03-30	18:00	 40.15483	  -4.19017	  0	222	 642
2016-03-30	20:00	 40.15500	  -4.19017	  0	310	 640
2016-03-31	10:00	 40.15500	  -4.19033	  0	160	 622
2016-03-31	12:00	 40.15500	  -4.19017	  0	 89	 618
2016-03-31	14:00	 40.15500	  -4.19017	  0	 79	 622
2016-03-31	16:00	 40.15500	  -4.19017	  1	 66	 627
2016-03-31	18:00	 40.15500	  -4.19017	  0	 92	 629
2016-03-31	20:00	 40.15500	  -4.19017	  0	 59	 628
2016-04-01	10:00	 40.15500	  -4.19017	  0	164	 606
2016-04-01	12:00	 40.15500	  -4.19017	  0	340	 626
2016-04-01	14:00	 40.15500	  -4.19017	  0	217	 628
2016-04-01	16:00	 40.12667	  -4.17817	 29	312	 825
2016-04-01	18:00	 40.15483	  -4.19033	  0	 38	 626
2016-04-01	20:00	 40.15500	  -4.19033	  0	267	 627
2016-04-02	10:00	 40.14250	  -4.20200	 46	 17	 719
2016-04-02	12:00	 40.15500	  -4.19017	  0	 46	 622
2016-04-02	14:00	 40.15500	  -4.19017	  0	315	 623
2016-04-02	16:00	 40.14050	  -4.19833	 53	 28	 647
2016-04-02	18:00	 40.15500	  -4.19033	  0	 74	 622
2016-04-02	20:00	 40.15500	  -4.19017	  0	302	 622
2016-04-03	10:00	 40.15500	  -4.19033	  0	 42	 636
2016-04-03	12:00	 40.15500	  -4.19017	  1	 56	 617
2016-04-03	14:00	 40.15483	  -4.19017	  0	268	 617
2016-04-03	16:00	 40.13250	  -4.19917	  0	278	 619
2016-04-03	18:00	 40.15500	  -4.19017	  0	232	 626
2016-04-03	20:00	 40.15500	  -4.19033	  0	237	 625
2016-04-04	10:00	 40.15500	  -4.19017	  0	233	 625
2016-04-04	12:00	 40.15500	  -4.19017	  0	240	 618
2016-04-04	14:00	 40.15500	  -4.19017	  0	208	 616
2016-04-04	16:00	 40.15500	  -4.19033	  0	297	 630
2016-04-04	18:00	 40.15500	  -4.19033	  0	329	 628
2016-04-04	20:00	 40.15500	  -4.19017	  0	301	 632
2016-04-05	16:00	 40.15500	  -4.19017	  0	169	 631
2016-04-05	18:00	 40.15483	  -4.19017	  0	 27	 629
2016-04-05	20:00	 40.15500	  -4.19017	  0	  2	 625
2016-04-06	16:00	 40.15500	  -4.19017	  0	250	 621
2016-04-06	18:00	 40.15500	  -4.19017	  0	316	 627
2016-04-06	20:00	 40.15483	  -4.19017	  0	 26	 625
